(kicad_pcb (version 20171130) (host pcbnew 5.1.5+dfsg1-2build2)

  (general
    (thickness 1.6)
    (drawings 9)
    (tracks 24)
    (zones 0)
    (modules 13)
    (nets 8)
  )

  (page A4)
  (layers
    (0 F.Cu signal)
    (31 B.Cu signal)
    (32 B.Adhes user)
    (33 F.Adhes user)
    (34 B.Paste user)
    (35 F.Paste user)
    (36 B.SilkS user)
    (37 F.SilkS user)
    (38 B.Mask user)
    (39 F.Mask user)
    (40 Dwgs.User user)
    (41 Cmts.User user)
    (42 Eco1.User user)
    (43 Eco2.User user)
    (44 Edge.Cuts user)
    (45 Margin user)
    (46 B.CrtYd user)
    (47 F.CrtYd user)
    (48 B.Fab user)
    (49 F.Fab user)
  )

  (setup
    (last_trace_width 0.25)
    (trace_clearance 0.2)
    (zone_clearance 0.508)
    (zone_45_only no)
    (trace_min 0.2)
    (via_size 0.8)
    (via_drill 0.4)
    (via_min_size 0.4)
    (via_min_drill 0.3)
    (uvia_size 0.3)
    (uvia_drill 0.1)
    (uvias_allowed no)
    (uvia_min_size 0.2)
    (uvia_min_drill 0.1)
    (edge_width 0.05)
    (segment_width 0.2)
    (pcb_text_width 0.3)
    (pcb_text_size 1.5 1.5)
    (mod_edge_width 0.12)
    (mod_text_size 1 1)
    (mod_text_width 0.15)
    (pad_size 1.524 1.524)
    (pad_drill 0.762)
    (pad_to_mask_clearance 0.051)
    (solder_mask_min_width 0.25)
    (aux_axis_origin 0 0)
    (visible_elements FFFFFF7F)
    (pcbplotparams
      (layerselection 0x010fc_ffffffff)
      (usegerberextensions false)
      (usegerberattributes false)
      (usegerberadvancedattributes false)
      (creategerberjobfile false)
      (excludeedgelayer true)
      (linewidth 0.100000)
      (plotframeref false)
      (viasonmask false)
      (mode 1)
      (useauxorigin false)
      (hpglpennumber 1)
      (hpglpenspeed 20)
      (hpglpendiameter 15.000000)
      (psnegative false)
      (psa4output false)
      (plotreference true)
      (plotvalue true)
      (plotinvisibletext false)
      (padsonsilk false)
      (subtractmaskfromsilk false)
      (outputformat 1)
      (mirror false)
      (drillshape 1)
      (scaleselection 1)
      (outputdirectory ""))
  )

  (net 0 "")
  (net 1 "Net-(C1-Pad1)")
  (net 2 "Net-(C1-Pad2)")
  (net 3 "Net-(C2-Pad2)")
  (net 4 "Net-(C2-Pad1)")
  (net 5 "Net-(C3-Pad1)")
  (net 6 GND)
  (net 7 +9V)

  (net_class Default "Dies ist die voreingestellte Netzklasse."
    (clearance 0.2)
    (trace_width 0.25)
    (via_dia 0.8)
    (via_drill 0.4)
    (uvia_dia 0.3)
    (uvia_drill 0.1)
    (add_net +9V)
    (add_net GND)
    (add_net "Net-(C1-Pad1)")
    (add_net "Net-(C1-Pad2)")
    (add_net "Net-(C2-Pad1)")
    (add_net "Net-(C2-Pad2)")
    (add_net "Net-(C3-Pad1)")
  )

  (module Resistor_SMD:R_0805_2012Metric (layer F.Cu) (tedit 5B36C52B) (tstamp 6032D36D)
    (at 149.225 79.7075 90)
    (descr "Resistor SMD 0805 (2012 Metric), square (rectangular) end terminal, IPC_7351 nominal, (Body size source: https://docs.google.com/spreadsheets/d/1BsfQQcO9C6DZCsRaXUlFlo91Tg2WpOkGARC1WS5S8t0/edit?usp=sharing), generated with kicad-footprint-generator")
    (tags resistor)
    (path /6032D944)
    (attr smd)
    (fp_text reference J2 (at 0 -1.905 90) (layer F.SilkS)
      (effects (font (size 1 1) (thickness 0.15)))
    )
    (fp_text value "OPT TRIM" (at 0 1.65 90) (layer F.Fab)
      (effects (font (size 1 1) (thickness 0.15)))
    )
    (fp_text user %R (at 0 0 90) (layer F.Fab)
      (effects (font (size 0.5 0.5) (thickness 0.08)))
    )
    (fp_line (start 1.68 0.95) (end -1.68 0.95) (layer F.CrtYd) (width 0.05))
    (fp_line (start 1.68 -0.95) (end 1.68 0.95) (layer F.CrtYd) (width 0.05))
    (fp_line (start -1.68 -0.95) (end 1.68 -0.95) (layer F.CrtYd) (width 0.05))
    (fp_line (start -1.68 0.95) (end -1.68 -0.95) (layer F.CrtYd) (width 0.05))
    (fp_line (start -0.258578 0.71) (end 0.258578 0.71) (layer F.SilkS) (width 0.12))
    (fp_line (start -0.258578 -0.71) (end 0.258578 -0.71) (layer F.SilkS) (width 0.12))
    (fp_line (start 1 0.6) (end -1 0.6) (layer F.Fab) (width 0.1))
    (fp_line (start 1 -0.6) (end 1 0.6) (layer F.Fab) (width 0.1))
    (fp_line (start -1 -0.6) (end 1 -0.6) (layer F.Fab) (width 0.1))
    (fp_line (start -1 0.6) (end -1 -0.6) (layer F.Fab) (width 0.1))
    (pad 2 smd roundrect (at 0.9375 0 90) (size 0.975 1.4) (layers F.Cu F.Paste F.Mask) (roundrect_rratio 0.25)
      (net 1 "Net-(C1-Pad1)"))
    (pad 1 smd roundrect (at -0.9375 0 90) (size 0.975 1.4) (layers F.Cu F.Paste F.Mask) (roundrect_rratio 0.25)
      (net 6 GND))
    (model ${KISYS3DMOD}/Resistor_SMD.3dshapes/R_0805_2012Metric.wrl
      (at (xyz 0 0 0))
      (scale (xyz 1 1 1))
      (rotate (xyz 0 0 0))
    )
  )

  (module hw9_preamp:Wire_Connector_SMD_01x02 (layer F.Cu) (tedit 60329D3A) (tstamp 6032D383)
    (at 158.75 69.85)
    (descr "SMD Wire Connector 01x02")
    (tags "wire connector smd")
    (path /603293B2)
    (attr smd)
    (fp_text reference J4 (at 0 1.27) (layer F.SilkS)
      (effects (font (size 1 1) (thickness 0.15)))
    )
    (fp_text value POWER (at 0 3.175) (layer F.Fab)
      (effects (font (size 1 1) (thickness 0.15)))
    )
    (fp_line (start -5.715 1.905) (end -5.715 -1.905) (layer F.Fab) (width 0.12))
    (fp_line (start 5.715 1.905) (end -5.715 1.905) (layer F.Fab) (width 0.12))
    (fp_line (start 5.715 -1.905) (end 5.715 1.905) (layer F.Fab) (width 0.12))
    (fp_line (start -5.715 -1.905) (end 5.715 -1.905) (layer F.Fab) (width 0.12))
    (fp_line (start -6.35 2.54) (end -6.35 -2.54) (layer F.CrtYd) (width 0.12))
    (fp_line (start 6.35 2.54) (end -6.35 2.54) (layer F.CrtYd) (width 0.12))
    (fp_line (start 6.35 -2.54) (end 6.35 2.54) (layer F.CrtYd) (width 0.12))
    (fp_line (start -6.35 -2.54) (end 6.35 -2.54) (layer F.CrtYd) (width 0.12))
    (fp_poly (pts (xy -6.35 -2.54) (xy -6.985 -2.54) (xy -6.985 -3.175) (xy -6.35 -3.175)) (layer F.SilkS) (width 0.1))
    (fp_text user %R (at 0 0) (layer F.Fab)
      (effects (font (size 0.5 0.5) (thickness 0.08)))
    )
    (pad 1 smd roundrect (at -3.81 0) (size 4 4) (layers F.Cu F.Paste F.Mask) (roundrect_rratio 0.25)
      (net 6 GND))
    (pad 2 smd roundrect (at 3.81 0) (size 4 4) (layers F.Cu F.Paste F.Mask) (roundrect_rratio 0.25)
      (net 7 +9V))
    (model ${KISYS3DMOD}/Resistor_SMD.3dshapes/R_0805_2012Metric.wrl
      (at (xyz 0 0 0))
      (scale (xyz 1 1 1))
      (rotate (xyz 0 0 0))
    )
  )

  (module hw9_preamp:Wire_Connector_SMD_01x02 (layer F.Cu) (tedit 60329D3A) (tstamp 6032D378)
    (at 175.26 78.105 90)
    (descr "SMD Wire Connector 01x02")
    (tags "wire connector smd")
    (path /60328669)
    (attr smd)
    (fp_text reference J3 (at 0.635 -2.54 90) (layer F.SilkS)
      (effects (font (size 1 1) (thickness 0.15)))
    )
    (fp_text value "RF OUT" (at 0 3.175 90) (layer F.Fab)
      (effects (font (size 1 1) (thickness 0.15)))
    )
    (fp_line (start -5.715 1.905) (end -5.715 -1.905) (layer F.Fab) (width 0.12))
    (fp_line (start 5.715 1.905) (end -5.715 1.905) (layer F.Fab) (width 0.12))
    (fp_line (start 5.715 -1.905) (end 5.715 1.905) (layer F.Fab) (width 0.12))
    (fp_line (start -5.715 -1.905) (end 5.715 -1.905) (layer F.Fab) (width 0.12))
    (fp_line (start -6.35 2.54) (end -6.35 -2.54) (layer F.CrtYd) (width 0.12))
    (fp_line (start 6.35 2.54) (end -6.35 2.54) (layer F.CrtYd) (width 0.12))
    (fp_line (start 6.35 -2.54) (end 6.35 2.54) (layer F.CrtYd) (width 0.12))
    (fp_line (start -6.35 -2.54) (end 6.35 -2.54) (layer F.CrtYd) (width 0.12))
    (fp_poly (pts (xy -6.35 -2.54) (xy -6.985 -2.54) (xy -6.985 -3.175) (xy -6.35 -3.175)) (layer F.SilkS) (width 0.1))
    (fp_text user %R (at 0 0 90) (layer F.Fab)
      (effects (font (size 0.5 0.5) (thickness 0.08)))
    )
    (pad 1 smd roundrect (at -3.81 0 90) (size 4 4) (layers F.Cu F.Paste F.Mask) (roundrect_rratio 0.25)
      (net 6 GND))
    (pad 2 smd roundrect (at 3.81 0 90) (size 4 4) (layers F.Cu F.Paste F.Mask) (roundrect_rratio 0.25)
      (net 4 "Net-(C2-Pad1)"))
    (model ${KISYS3DMOD}/Resistor_SMD.3dshapes/R_0805_2012Metric.wrl
      (at (xyz 0 0 0))
      (scale (xyz 1 1 1))
      (rotate (xyz 0 0 0))
    )
  )

  (module hw9_preamp:Wire_Connector_SMD_01x02 (layer F.Cu) (tedit 60329D3A) (tstamp 6032D362)
    (at 142.875 78.105 90)
    (descr "SMD Wire Connector 01x02")
    (tags "wire connector smd")
    (path /60328E7B)
    (attr smd)
    (fp_text reference J1 (at 0 1.27 90) (layer F.SilkS)
      (effects (font (size 1 1) (thickness 0.15)))
    )
    (fp_text value "RF IN" (at 0 3.175 90) (layer F.Fab)
      (effects (font (size 1 1) (thickness 0.15)))
    )
    (fp_line (start -5.715 1.905) (end -5.715 -1.905) (layer F.Fab) (width 0.12))
    (fp_line (start 5.715 1.905) (end -5.715 1.905) (layer F.Fab) (width 0.12))
    (fp_line (start 5.715 -1.905) (end 5.715 1.905) (layer F.Fab) (width 0.12))
    (fp_line (start -5.715 -1.905) (end 5.715 -1.905) (layer F.Fab) (width 0.12))
    (fp_line (start -6.35 2.54) (end -6.35 -2.54) (layer F.CrtYd) (width 0.12))
    (fp_line (start 6.35 2.54) (end -6.35 2.54) (layer F.CrtYd) (width 0.12))
    (fp_line (start 6.35 -2.54) (end 6.35 2.54) (layer F.CrtYd) (width 0.12))
    (fp_line (start -6.35 -2.54) (end 6.35 -2.54) (layer F.CrtYd) (width 0.12))
    (fp_poly (pts (xy -6.35 -2.54) (xy -6.985 -2.54) (xy -6.985 -3.175) (xy -6.35 -3.175)) (layer F.SilkS) (width 0.1))
    (fp_text user %R (at 0 0 90) (layer F.Fab)
      (effects (font (size 0.5 0.5) (thickness 0.08)))
    )
    (pad 1 smd roundrect (at -3.81 0 90) (size 4 4) (layers F.Cu F.Paste F.Mask) (roundrect_rratio 0.25)
      (net 6 GND))
    (pad 2 smd roundrect (at 3.81 0 90) (size 4 4) (layers F.Cu F.Paste F.Mask) (roundrect_rratio 0.25)
      (net 2 "Net-(C1-Pad2)"))
    (model ${KISYS3DMOD}/Resistor_SMD.3dshapes/R_0805_2012Metric.wrl
      (at (xyz 0 0 0))
      (scale (xyz 1 1 1))
      (rotate (xyz 0 0 0))
    )
  )

  (module Capacitor_SMD:C_0805_2012Metric (layer F.Cu) (tedit 5B36C52B) (tstamp 6032E9FB)
    (at 148.9225 74.93 180)
    (descr "Capacitor SMD 0805 (2012 Metric), square (rectangular) end terminal, IPC_7351 nominal, (Body size source: https://docs.google.com/spreadsheets/d/1BsfQQcO9C6DZCsRaXUlFlo91Tg2WpOkGARC1WS5S8t0/edit?usp=sharing), generated with kicad-footprint-generator")
    (tags capacitor)
    (path /6031AF89)
    (attr smd)
    (fp_text reference C1 (at 0 1.905) (layer F.SilkS)
      (effects (font (size 1 1) (thickness 0.15)))
    )
    (fp_text value 10nF (at 0 1.65) (layer F.Fab)
      (effects (font (size 1 1) (thickness 0.15)))
    )
    (fp_line (start -1 0.6) (end -1 -0.6) (layer F.Fab) (width 0.1))
    (fp_line (start -1 -0.6) (end 1 -0.6) (layer F.Fab) (width 0.1))
    (fp_line (start 1 -0.6) (end 1 0.6) (layer F.Fab) (width 0.1))
    (fp_line (start 1 0.6) (end -1 0.6) (layer F.Fab) (width 0.1))
    (fp_line (start -0.258578 -0.71) (end 0.258578 -0.71) (layer F.SilkS) (width 0.12))
    (fp_line (start -0.258578 0.71) (end 0.258578 0.71) (layer F.SilkS) (width 0.12))
    (fp_line (start -1.68 0.95) (end -1.68 -0.95) (layer F.CrtYd) (width 0.05))
    (fp_line (start -1.68 -0.95) (end 1.68 -0.95) (layer F.CrtYd) (width 0.05))
    (fp_line (start 1.68 -0.95) (end 1.68 0.95) (layer F.CrtYd) (width 0.05))
    (fp_line (start 1.68 0.95) (end -1.68 0.95) (layer F.CrtYd) (width 0.05))
    (fp_text user %R (at 0 0) (layer F.Fab)
      (effects (font (size 0.5 0.5) (thickness 0.08)))
    )
    (pad 1 smd roundrect (at -0.9375 0 180) (size 0.975 1.4) (layers F.Cu F.Paste F.Mask) (roundrect_rratio 0.25)
      (net 1 "Net-(C1-Pad1)"))
    (pad 2 smd roundrect (at 0.9375 0 180) (size 0.975 1.4) (layers F.Cu F.Paste F.Mask) (roundrect_rratio 0.25)
      (net 2 "Net-(C1-Pad2)"))
    (model ${KISYS3DMOD}/Capacitor_SMD.3dshapes/C_0805_2012Metric.wrl
      (at (xyz 0 0 0))
      (scale (xyz 1 1 1))
      (rotate (xyz 0 0 0))
    )
  )

  (module Capacitor_SMD:C_0805_2012Metric (layer F.Cu) (tedit 5B36C52B) (tstamp 6032E7E5)
    (at 166.6725 75.565 180)
    (descr "Capacitor SMD 0805 (2012 Metric), square (rectangular) end terminal, IPC_7351 nominal, (Body size source: https://docs.google.com/spreadsheets/d/1BsfQQcO9C6DZCsRaXUlFlo91Tg2WpOkGARC1WS5S8t0/edit?usp=sharing), generated with kicad-footprint-generator")
    (tags capacitor)
    (path /6031AA9C)
    (attr smd)
    (fp_text reference C2 (at 0 1.905) (layer F.SilkS)
      (effects (font (size 1 1) (thickness 0.15)))
    )
    (fp_text value 10nF (at 0 1.65) (layer F.Fab)
      (effects (font (size 1 1) (thickness 0.15)))
    )
    (fp_text user %R (at 0 0) (layer F.Fab)
      (effects (font (size 0.5 0.5) (thickness 0.08)))
    )
    (fp_line (start 1.68 0.95) (end -1.68 0.95) (layer F.CrtYd) (width 0.05))
    (fp_line (start 1.68 -0.95) (end 1.68 0.95) (layer F.CrtYd) (width 0.05))
    (fp_line (start -1.68 -0.95) (end 1.68 -0.95) (layer F.CrtYd) (width 0.05))
    (fp_line (start -1.68 0.95) (end -1.68 -0.95) (layer F.CrtYd) (width 0.05))
    (fp_line (start -0.258578 0.71) (end 0.258578 0.71) (layer F.SilkS) (width 0.12))
    (fp_line (start -0.258578 -0.71) (end 0.258578 -0.71) (layer F.SilkS) (width 0.12))
    (fp_line (start 1 0.6) (end -1 0.6) (layer F.Fab) (width 0.1))
    (fp_line (start 1 -0.6) (end 1 0.6) (layer F.Fab) (width 0.1))
    (fp_line (start -1 -0.6) (end 1 -0.6) (layer F.Fab) (width 0.1))
    (fp_line (start -1 0.6) (end -1 -0.6) (layer F.Fab) (width 0.1))
    (pad 2 smd roundrect (at 0.9375 0 180) (size 0.975 1.4) (layers F.Cu F.Paste F.Mask) (roundrect_rratio 0.25)
      (net 3 "Net-(C2-Pad2)"))
    (pad 1 smd roundrect (at -0.9375 0 180) (size 0.975 1.4) (layers F.Cu F.Paste F.Mask) (roundrect_rratio 0.25)
      (net 4 "Net-(C2-Pad1)"))
    (model ${KISYS3DMOD}/Capacitor_SMD.3dshapes/C_0805_2012Metric.wrl
      (at (xyz 0 0 0))
      (scale (xyz 1 1 1))
      (rotate (xyz 0 0 0))
    )
  )

  (module Capacitor_SMD:C_0805_2012Metric (layer F.Cu) (tedit 5B36C52B) (tstamp 6032D357)
    (at 162.56 79.6775 270)
    (descr "Capacitor SMD 0805 (2012 Metric), square (rectangular) end terminal, IPC_7351 nominal, (Body size source: https://docs.google.com/spreadsheets/d/1BsfQQcO9C6DZCsRaXUlFlo91Tg2WpOkGARC1WS5S8t0/edit?usp=sharing), generated with kicad-footprint-generator")
    (tags capacitor)
    (path /6031A75E)
    (attr smd)
    (fp_text reference C3 (at 0 -1.905 90) (layer F.SilkS)
      (effects (font (size 1 1) (thickness 0.15)))
    )
    (fp_text value 10nF (at 0 1.65 90) (layer F.Fab)
      (effects (font (size 1 1) (thickness 0.15)))
    )
    (fp_line (start -1 0.6) (end -1 -0.6) (layer F.Fab) (width 0.1))
    (fp_line (start -1 -0.6) (end 1 -0.6) (layer F.Fab) (width 0.1))
    (fp_line (start 1 -0.6) (end 1 0.6) (layer F.Fab) (width 0.1))
    (fp_line (start 1 0.6) (end -1 0.6) (layer F.Fab) (width 0.1))
    (fp_line (start -0.258578 -0.71) (end 0.258578 -0.71) (layer F.SilkS) (width 0.12))
    (fp_line (start -0.258578 0.71) (end 0.258578 0.71) (layer F.SilkS) (width 0.12))
    (fp_line (start -1.68 0.95) (end -1.68 -0.95) (layer F.CrtYd) (width 0.05))
    (fp_line (start -1.68 -0.95) (end 1.68 -0.95) (layer F.CrtYd) (width 0.05))
    (fp_line (start 1.68 -0.95) (end 1.68 0.95) (layer F.CrtYd) (width 0.05))
    (fp_line (start 1.68 0.95) (end -1.68 0.95) (layer F.CrtYd) (width 0.05))
    (fp_text user %R (at 0 0 90) (layer F.Fab)
      (effects (font (size 0.5 0.5) (thickness 0.08)))
    )
    (pad 1 smd roundrect (at -0.9375 0 270) (size 0.975 1.4) (layers F.Cu F.Paste F.Mask) (roundrect_rratio 0.25)
      (net 5 "Net-(C3-Pad1)"))
    (pad 2 smd roundrect (at 0.9375 0 270) (size 0.975 1.4) (layers F.Cu F.Paste F.Mask) (roundrect_rratio 0.25)
      (net 6 GND))
    (model ${KISYS3DMOD}/Capacitor_SMD.3dshapes/C_0805_2012Metric.wrl
      (at (xyz 0 0 0))
      (scale (xyz 1 1 1))
      (rotate (xyz 0 0 0))
    )
  )

  (module Package_TO_SOT_SMD:SOT-23 (layer F.Cu) (tedit 5A02FF57) (tstamp 6032E948)
    (at 158.435 77.74 90)
    (descr "SOT-23, Standard")
    (tags SOT-23)
    (path /60318E1A)
    (attr smd)
    (fp_text reference Q1 (at 0 -2.5 90) (layer F.SilkS)
      (effects (font (size 1 1) (thickness 0.15)))
    )
    (fp_text value BFR93A (at 0 2.5 90) (layer F.Fab)
      (effects (font (size 1 1) (thickness 0.15)))
    )
    (fp_text user %R (at 0 0) (layer F.Fab)
      (effects (font (size 0.5 0.5) (thickness 0.075)))
    )
    (fp_line (start -0.7 -0.95) (end -0.7 1.5) (layer F.Fab) (width 0.1))
    (fp_line (start -0.15 -1.52) (end 0.7 -1.52) (layer F.Fab) (width 0.1))
    (fp_line (start -0.7 -0.95) (end -0.15 -1.52) (layer F.Fab) (width 0.1))
    (fp_line (start 0.7 -1.52) (end 0.7 1.52) (layer F.Fab) (width 0.1))
    (fp_line (start -0.7 1.52) (end 0.7 1.52) (layer F.Fab) (width 0.1))
    (fp_line (start 0.76 1.58) (end 0.76 0.65) (layer F.SilkS) (width 0.12))
    (fp_line (start 0.76 -1.58) (end 0.76 -0.65) (layer F.SilkS) (width 0.12))
    (fp_line (start -1.7 -1.75) (end 1.7 -1.75) (layer F.CrtYd) (width 0.05))
    (fp_line (start 1.7 -1.75) (end 1.7 1.75) (layer F.CrtYd) (width 0.05))
    (fp_line (start 1.7 1.75) (end -1.7 1.75) (layer F.CrtYd) (width 0.05))
    (fp_line (start -1.7 1.75) (end -1.7 -1.75) (layer F.CrtYd) (width 0.05))
    (fp_line (start 0.76 -1.58) (end -1.4 -1.58) (layer F.SilkS) (width 0.12))
    (fp_line (start 0.76 1.58) (end -0.7 1.58) (layer F.SilkS) (width 0.12))
    (pad 1 smd rect (at -1 -0.95 90) (size 0.9 0.8) (layers F.Cu F.Paste F.Mask)
      (net 1 "Net-(C1-Pad1)"))
    (pad 2 smd rect (at -1 0.95 90) (size 0.9 0.8) (layers F.Cu F.Paste F.Mask)
      (net 5 "Net-(C3-Pad1)"))
    (pad 3 smd rect (at 1 0 90) (size 0.9 0.8) (layers F.Cu F.Paste F.Mask)
      (net 3 "Net-(C2-Pad2)"))
    (model ${KISYS3DMOD}/Package_TO_SOT_SMD.3dshapes/SOT-23.wrl
      (at (xyz 0 0 0))
      (scale (xyz 1 1 1))
      (rotate (xyz 0 0 0))
    )
  )

  (module Resistor_SMD:R_0805_2012Metric (layer F.Cu) (tedit 5B36C52B) (tstamp 6032F1AD)
    (at 154.0025 74.93 180)
    (descr "Resistor SMD 0805 (2012 Metric), square (rectangular) end terminal, IPC_7351 nominal, (Body size source: https://docs.google.com/spreadsheets/d/1BsfQQcO9C6DZCsRaXUlFlo91Tg2WpOkGARC1WS5S8t0/edit?usp=sharing), generated with kicad-footprint-generator")
    (tags resistor)
    (path /60319C57)
    (attr smd)
    (fp_text reference R1 (at 0 1.905) (layer F.SilkS)
      (effects (font (size 1 1) (thickness 0.15)))
    )
    (fp_text value 100k (at 0 1.65) (layer F.Fab)
      (effects (font (size 1 1) (thickness 0.15)))
    )
    (fp_line (start -1 0.6) (end -1 -0.6) (layer F.Fab) (width 0.1))
    (fp_line (start -1 -0.6) (end 1 -0.6) (layer F.Fab) (width 0.1))
    (fp_line (start 1 -0.6) (end 1 0.6) (layer F.Fab) (width 0.1))
    (fp_line (start 1 0.6) (end -1 0.6) (layer F.Fab) (width 0.1))
    (fp_line (start -0.258578 -0.71) (end 0.258578 -0.71) (layer F.SilkS) (width 0.12))
    (fp_line (start -0.258578 0.71) (end 0.258578 0.71) (layer F.SilkS) (width 0.12))
    (fp_line (start -1.68 0.95) (end -1.68 -0.95) (layer F.CrtYd) (width 0.05))
    (fp_line (start -1.68 -0.95) (end 1.68 -0.95) (layer F.CrtYd) (width 0.05))
    (fp_line (start 1.68 -0.95) (end 1.68 0.95) (layer F.CrtYd) (width 0.05))
    (fp_line (start 1.68 0.95) (end -1.68 0.95) (layer F.CrtYd) (width 0.05))
    (fp_text user %R (at 0 0) (layer F.Fab)
      (effects (font (size 0.5 0.5) (thickness 0.08)))
    )
    (pad 1 smd roundrect (at -0.9375 0 180) (size 0.975 1.4) (layers F.Cu F.Paste F.Mask) (roundrect_rratio 0.25)
      (net 7 +9V))
    (pad 2 smd roundrect (at 0.9375 0 180) (size 0.975 1.4) (layers F.Cu F.Paste F.Mask) (roundrect_rratio 0.25)
      (net 1 "Net-(C1-Pad1)"))
    (model ${KISYS3DMOD}/Resistor_SMD.3dshapes/R_0805_2012Metric.wrl
      (at (xyz 0 0 0))
      (scale (xyz 1 1 1))
      (rotate (xyz 0 0 0))
    )
  )

  (module Resistor_SMD:R_0805_2012Metric (layer F.Cu) (tedit 5B36C52B) (tstamp 6032F2FE)
    (at 162.56 75.8675 270)
    (descr "Resistor SMD 0805 (2012 Metric), square (rectangular) end terminal, IPC_7351 nominal, (Body size source: https://docs.google.com/spreadsheets/d/1BsfQQcO9C6DZCsRaXUlFlo91Tg2WpOkGARC1WS5S8t0/edit?usp=sharing), generated with kicad-footprint-generator")
    (tags resistor)
    (path /60319464)
    (attr smd)
    (fp_text reference R2 (at 0 1.905 90) (layer F.SilkS)
      (effects (font (size 1 1) (thickness 0.15)))
    )
    (fp_text value 4.7k (at 0 1.65 90) (layer F.Fab)
      (effects (font (size 1 1) (thickness 0.15)))
    )
    (fp_line (start -1 0.6) (end -1 -0.6) (layer F.Fab) (width 0.1))
    (fp_line (start -1 -0.6) (end 1 -0.6) (layer F.Fab) (width 0.1))
    (fp_line (start 1 -0.6) (end 1 0.6) (layer F.Fab) (width 0.1))
    (fp_line (start 1 0.6) (end -1 0.6) (layer F.Fab) (width 0.1))
    (fp_line (start -0.258578 -0.71) (end 0.258578 -0.71) (layer F.SilkS) (width 0.12))
    (fp_line (start -0.258578 0.71) (end 0.258578 0.71) (layer F.SilkS) (width 0.12))
    (fp_line (start -1.68 0.95) (end -1.68 -0.95) (layer F.CrtYd) (width 0.05))
    (fp_line (start -1.68 -0.95) (end 1.68 -0.95) (layer F.CrtYd) (width 0.05))
    (fp_line (start 1.68 -0.95) (end 1.68 0.95) (layer F.CrtYd) (width 0.05))
    (fp_line (start 1.68 0.95) (end -1.68 0.95) (layer F.CrtYd) (width 0.05))
    (fp_text user %R (at 0 0 90) (layer F.Fab)
      (effects (font (size 0.5 0.5) (thickness 0.08)))
    )
    (pad 1 smd roundrect (at -0.9375 0 270) (size 0.975 1.4) (layers F.Cu F.Paste F.Mask) (roundrect_rratio 0.25)
      (net 7 +9V))
    (pad 2 smd roundrect (at 0.9375 0 270) (size 0.975 1.4) (layers F.Cu F.Paste F.Mask) (roundrect_rratio 0.25)
      (net 3 "Net-(C2-Pad2)"))
    (model ${KISYS3DMOD}/Resistor_SMD.3dshapes/R_0805_2012Metric.wrl
      (at (xyz 0 0 0))
      (scale (xyz 1 1 1))
      (rotate (xyz 0 0 0))
    )
  )

  (module Resistor_SMD:R_0805_2012Metric (layer F.Cu) (tedit 5B36C52B) (tstamp 6032EC83)
    (at 153.035 79.6775 270)
    (descr "Resistor SMD 0805 (2012 Metric), square (rectangular) end terminal, IPC_7351 nominal, (Body size source: https://docs.google.com/spreadsheets/d/1BsfQQcO9C6DZCsRaXUlFlo91Tg2WpOkGARC1WS5S8t0/edit?usp=sharing), generated with kicad-footprint-generator")
    (tags resistor)
    (path /6031A362)
    (attr smd)
    (fp_text reference R3 (at 0 -1.905 90) (layer F.SilkS)
      (effects (font (size 1 1) (thickness 0.15)))
    )
    (fp_text value 33k (at 0 1.65 90) (layer F.Fab)
      (effects (font (size 1 1) (thickness 0.15)))
    )
    (fp_text user %R (at 0 0 90) (layer F.Fab)
      (effects (font (size 0.5 0.5) (thickness 0.08)))
    )
    (fp_line (start 1.68 0.95) (end -1.68 0.95) (layer F.CrtYd) (width 0.05))
    (fp_line (start 1.68 -0.95) (end 1.68 0.95) (layer F.CrtYd) (width 0.05))
    (fp_line (start -1.68 -0.95) (end 1.68 -0.95) (layer F.CrtYd) (width 0.05))
    (fp_line (start -1.68 0.95) (end -1.68 -0.95) (layer F.CrtYd) (width 0.05))
    (fp_line (start -0.258578 0.71) (end 0.258578 0.71) (layer F.SilkS) (width 0.12))
    (fp_line (start -0.258578 -0.71) (end 0.258578 -0.71) (layer F.SilkS) (width 0.12))
    (fp_line (start 1 0.6) (end -1 0.6) (layer F.Fab) (width 0.1))
    (fp_line (start 1 -0.6) (end 1 0.6) (layer F.Fab) (width 0.1))
    (fp_line (start -1 -0.6) (end 1 -0.6) (layer F.Fab) (width 0.1))
    (fp_line (start -1 0.6) (end -1 -0.6) (layer F.Fab) (width 0.1))
    (pad 2 smd roundrect (at 0.9375 0 270) (size 0.975 1.4) (layers F.Cu F.Paste F.Mask) (roundrect_rratio 0.25)
      (net 6 GND))
    (pad 1 smd roundrect (at -0.9375 0 270) (size 0.975 1.4) (layers F.Cu F.Paste F.Mask) (roundrect_rratio 0.25)
      (net 1 "Net-(C1-Pad1)"))
    (model ${KISYS3DMOD}/Resistor_SMD.3dshapes/R_0805_2012Metric.wrl
      (at (xyz 0 0 0))
      (scale (xyz 1 1 1))
      (rotate (xyz 0 0 0))
    )
  )

  (module Resistor_SMD:R_0805_2012Metric (layer F.Cu) (tedit 5B36C52B) (tstamp 6032EAEE)
    (at 166.37 79.6775 270)
    (descr "Resistor SMD 0805 (2012 Metric), square (rectangular) end terminal, IPC_7351 nominal, (Body size source: https://docs.google.com/spreadsheets/d/1BsfQQcO9C6DZCsRaXUlFlo91Tg2WpOkGARC1WS5S8t0/edit?usp=sharing), generated with kicad-footprint-generator")
    (tags resistor)
    (path /603198C6)
    (attr smd)
    (fp_text reference R4 (at 0 -1.905 90) (layer F.SilkS)
      (effects (font (size 1 1) (thickness 0.15)))
    )
    (fp_text value 1k (at 0 1.65 90) (layer F.Fab)
      (effects (font (size 1 1) (thickness 0.15)))
    )
    (fp_text user %R (at 0 0 90) (layer F.Fab)
      (effects (font (size 0.5 0.5) (thickness 0.08)))
    )
    (fp_line (start 1.68 0.95) (end -1.68 0.95) (layer F.CrtYd) (width 0.05))
    (fp_line (start 1.68 -0.95) (end 1.68 0.95) (layer F.CrtYd) (width 0.05))
    (fp_line (start -1.68 -0.95) (end 1.68 -0.95) (layer F.CrtYd) (width 0.05))
    (fp_line (start -1.68 0.95) (end -1.68 -0.95) (layer F.CrtYd) (width 0.05))
    (fp_line (start -0.258578 0.71) (end 0.258578 0.71) (layer F.SilkS) (width 0.12))
    (fp_line (start -0.258578 -0.71) (end 0.258578 -0.71) (layer F.SilkS) (width 0.12))
    (fp_line (start 1 0.6) (end -1 0.6) (layer F.Fab) (width 0.1))
    (fp_line (start 1 -0.6) (end 1 0.6) (layer F.Fab) (width 0.1))
    (fp_line (start -1 -0.6) (end 1 -0.6) (layer F.Fab) (width 0.1))
    (fp_line (start -1 0.6) (end -1 -0.6) (layer F.Fab) (width 0.1))
    (pad 2 smd roundrect (at 0.9375 0 270) (size 0.975 1.4) (layers F.Cu F.Paste F.Mask) (roundrect_rratio 0.25)
      (net 6 GND))
    (pad 1 smd roundrect (at -0.9375 0 270) (size 0.975 1.4) (layers F.Cu F.Paste F.Mask) (roundrect_rratio 0.25)
      (net 5 "Net-(C3-Pad1)"))
    (model ${KISYS3DMOD}/Resistor_SMD.3dshapes/R_0805_2012Metric.wrl
      (at (xyz 0 0 0))
      (scale (xyz 1 1 1))
      (rotate (xyz 0 0 0))
    )
  )

  (module Resistor_SMD:R_0805_2012Metric (layer F.Cu) (tedit 5B36C52B) (tstamp 6032E54B)
    (at 170.18 79.6775 270)
    (descr "Resistor SMD 0805 (2012 Metric), square (rectangular) end terminal, IPC_7351 nominal, (Body size source: https://docs.google.com/spreadsheets/d/1BsfQQcO9C6DZCsRaXUlFlo91Tg2WpOkGARC1WS5S8t0/edit?usp=sharing), generated with kicad-footprint-generator")
    (tags resistor)
    (path /6031B71D)
    (attr smd)
    (fp_text reference R5 (at 0 -1.905 90) (layer F.SilkS)
      (effects (font (size 1 1) (thickness 0.15)))
    )
    (fp_text value 200k (at 0 1.65 90) (layer F.Fab)
      (effects (font (size 1 1) (thickness 0.15)))
    )
    (fp_line (start -1 0.6) (end -1 -0.6) (layer F.Fab) (width 0.1))
    (fp_line (start -1 -0.6) (end 1 -0.6) (layer F.Fab) (width 0.1))
    (fp_line (start 1 -0.6) (end 1 0.6) (layer F.Fab) (width 0.1))
    (fp_line (start 1 0.6) (end -1 0.6) (layer F.Fab) (width 0.1))
    (fp_line (start -0.258578 -0.71) (end 0.258578 -0.71) (layer F.SilkS) (width 0.12))
    (fp_line (start -0.258578 0.71) (end 0.258578 0.71) (layer F.SilkS) (width 0.12))
    (fp_line (start -1.68 0.95) (end -1.68 -0.95) (layer F.CrtYd) (width 0.05))
    (fp_line (start -1.68 -0.95) (end 1.68 -0.95) (layer F.CrtYd) (width 0.05))
    (fp_line (start 1.68 -0.95) (end 1.68 0.95) (layer F.CrtYd) (width 0.05))
    (fp_line (start 1.68 0.95) (end -1.68 0.95) (layer F.CrtYd) (width 0.05))
    (fp_text user %R (at 0 0 90) (layer F.Fab)
      (effects (font (size 0.5 0.5) (thickness 0.08)))
    )
    (pad 1 smd roundrect (at -0.9375 0 270) (size 0.975 1.4) (layers F.Cu F.Paste F.Mask) (roundrect_rratio 0.25)
      (net 4 "Net-(C2-Pad1)"))
    (pad 2 smd roundrect (at 0.9375 0 270) (size 0.975 1.4) (layers F.Cu F.Paste F.Mask) (roundrect_rratio 0.25)
      (net 6 GND))
    (model ${KISYS3DMOD}/Resistor_SMD.3dshapes/R_0805_2012Metric.wrl
      (at (xyz 0 0 0))
      (scale (xyz 1 1 1))
      (rotate (xyz 0 0 0))
    )
  )

  (gr_text GND (at 149.86 67.945) (layer F.SilkS)
    (effects (font (size 1.5 1) (thickness 0.2)))
  )
  (gr_text 9V (at 166.37 67.945) (layer F.SilkS)
    (effects (font (size 1.5 1) (thickness 0.2)))
  )
  (gr_text "RF OUT" (at 176.53 78.105) (layer F.SilkS)
    (effects (font (size 1.5 1) (thickness 0.2)))
  )
  (gr_text "RF IN" (at 140.97 78.105) (layer F.SilkS)
    (effects (font (size 1.5 1) (thickness 0.2)))
  )
  (gr_line (start 137.795 87.63) (end 137.795 65.405) (layer Edge.Cuts) (width 0.05) (tstamp 6032F943))
  (gr_line (start 180.34 87.63) (end 137.795 87.63) (layer Edge.Cuts) (width 0.05))
  (gr_line (start 180.34 65.405) (end 180.34 87.63) (layer Edge.Cuts) (width 0.05))
  (gr_line (start 137.795 65.405) (end 180.34 65.405) (layer Edge.Cuts) (width 0.05))
  (gr_text "HW9 PreAmp   1.0-1   dl9obn" (at 159.385 83.82) (layer F.SilkS)
    (effects (font (size 2 1) (thickness 0.2)))
  )

  (segment (start 157.485 78.74) (end 153.035 78.74) (width 0.25) (layer F.Cu) (net 1))
  (segment (start 153.065 78.71) (end 153.035 78.74) (width 0.25) (layer F.Cu) (net 1))
  (segment (start 153.065 74.93) (end 153.065 78.71) (width 0.25) (layer F.Cu) (net 1))
  (segment (start 153.065 74.93) (end 149.86 74.93) (width 0.25) (layer F.Cu) (net 1))
  (segment (start 149.255 78.74) (end 149.225 78.77) (width 0.25) (layer F.Cu) (net 1))
  (segment (start 153.035 78.74) (end 149.255 78.74) (width 0.25) (layer F.Cu) (net 1))
  (segment (start 147.985 74.93) (end 146.685 74.93) (width 0.25) (layer F.Cu) (net 2))
  (segment (start 146.685 74.93) (end 146.05 74.295) (width 0.25) (layer F.Cu) (net 2))
  (segment (start 146.05 74.295) (end 142.875 74.295) (width 0.25) (layer F.Cu) (net 2))
  (segment (start 162.495 76.74) (end 162.56 76.805) (width 0.25) (layer F.Cu) (net 3))
  (segment (start 158.435 76.74) (end 162.495 76.74) (width 0.25) (layer F.Cu) (net 3))
  (segment (start 162.56 76.805) (end 163.8 76.805) (width 0.25) (layer F.Cu) (net 3))
  (segment (start 163.8 76.805) (end 165.04 75.565) (width 0.25) (layer F.Cu) (net 3))
  (segment (start 165.04 75.565) (end 165.735 75.565) (width 0.25) (layer F.Cu) (net 3))
  (segment (start 171.45 75.565) (end 172.72 74.295) (width 0.25) (layer F.Cu) (net 4))
  (segment (start 172.72 74.295) (end 175.26 74.295) (width 0.25) (layer F.Cu) (net 4))
  (segment (start 170.18 78.74) (end 170.18 75.565) (width 0.25) (layer F.Cu) (net 4))
  (segment (start 170.18 75.565) (end 171.45 75.565) (width 0.25) (layer F.Cu) (net 4))
  (segment (start 167.61 75.565) (end 170.18 75.565) (width 0.25) (layer F.Cu) (net 4))
  (segment (start 166.37 78.74) (end 162.56 78.74) (width 0.25) (layer F.Cu) (net 5))
  (segment (start 159.385 78.74) (end 162.56 78.74) (width 0.25) (layer F.Cu) (net 5))
  (segment (start 162.56 71.85) (end 162.56 74.93) (width 0.25) (layer F.Cu) (net 7))
  (segment (start 162.56 69.85) (end 162.56 71.85) (width 0.25) (layer F.Cu) (net 7))
  (segment (start 162.56 74.93) (end 154.94 74.93) (width 0.25) (layer F.Cu) (net 7))

  (zone (net 6) (net_name GND) (layer F.Cu) (tstamp 6032F81D) (hatch edge 0.508)
    (connect_pads (clearance 0.508))
    (min_thickness 0.254)
    (fill yes (arc_segments 32) (thermal_gap 0.508) (thermal_bridge_width 0.508))
    (polygon
      (pts
        (xy 179.705 86.995) (xy 138.43 86.995) (xy 138.43 66.04) (xy 179.705 66.04)
      )
    )
    (filled_polygon
      (pts
        (xy 179.578 86.868) (xy 138.557 86.868) (xy 138.557 83.915) (xy 140.236928 83.915) (xy 140.249188 84.039482)
        (xy 140.285498 84.15918) (xy 140.344463 84.269494) (xy 140.423815 84.366185) (xy 140.520506 84.445537) (xy 140.63082 84.504502)
        (xy 140.750518 84.540812) (xy 140.875 84.553072) (xy 142.58925 84.55) (xy 142.748 84.39125) (xy 142.748 82.042)
        (xy 143.002 82.042) (xy 143.002 84.39125) (xy 143.16075 84.55) (xy 144.875 84.553072) (xy 144.999482 84.540812)
        (xy 145.11918 84.504502) (xy 145.229494 84.445537) (xy 145.326185 84.366185) (xy 145.405537 84.269494) (xy 145.464502 84.15918)
        (xy 145.500812 84.039482) (xy 145.513072 83.915) (xy 172.621928 83.915) (xy 172.634188 84.039482) (xy 172.670498 84.15918)
        (xy 172.729463 84.269494) (xy 172.808815 84.366185) (xy 172.905506 84.445537) (xy 173.01582 84.504502) (xy 173.135518 84.540812)
        (xy 173.26 84.553072) (xy 174.97425 84.55) (xy 175.133 84.39125) (xy 175.133 82.042) (xy 175.387 82.042)
        (xy 175.387 84.39125) (xy 175.54575 84.55) (xy 177.26 84.553072) (xy 177.384482 84.540812) (xy 177.50418 84.504502)
        (xy 177.614494 84.445537) (xy 177.711185 84.366185) (xy 177.790537 84.269494) (xy 177.849502 84.15918) (xy 177.885812 84.039482)
        (xy 177.898072 83.915) (xy 177.895 82.20075) (xy 177.73625 82.042) (xy 175.387 82.042) (xy 175.133 82.042)
        (xy 172.78375 82.042) (xy 172.625 82.20075) (xy 172.621928 83.915) (xy 145.513072 83.915) (xy 145.51 82.20075)
        (xy 145.35125 82.042) (xy 143.002 82.042) (xy 142.748 82.042) (xy 140.39875 82.042) (xy 140.24 82.20075)
        (xy 140.236928 83.915) (xy 138.557 83.915) (xy 138.557 79.915) (xy 140.236928 79.915) (xy 140.24 81.62925)
        (xy 140.39875 81.788) (xy 142.748 81.788) (xy 142.748 79.43875) (xy 143.002 79.43875) (xy 143.002 81.788)
        (xy 145.35125 81.788) (xy 145.51 81.62925) (xy 145.51089 81.1325) (xy 147.886928 81.1325) (xy 147.899188 81.256982)
        (xy 147.935498 81.37668) (xy 147.994463 81.486994) (xy 148.073815 81.583685) (xy 148.170506 81.663037) (xy 148.28082 81.722002)
        (xy 148.400518 81.758312) (xy 148.525 81.770572) (xy 148.93925 81.7675) (xy 149.098 81.60875) (xy 149.098 80.772)
        (xy 149.352 80.772) (xy 149.352 81.60875) (xy 149.51075 81.7675) (xy 149.925 81.770572) (xy 150.049482 81.758312)
        (xy 150.16918 81.722002) (xy 150.279494 81.663037) (xy 150.376185 81.583685) (xy 150.455537 81.486994) (xy 150.514502 81.37668)
        (xy 150.550812 81.256982) (xy 150.563072 81.1325) (xy 150.562616 81.1025) (xy 151.696928 81.1025) (xy 151.709188 81.226982)
        (xy 151.745498 81.34668) (xy 151.804463 81.456994) (xy 151.883815 81.553685) (xy 151.980506 81.633037) (xy 152.09082 81.692002)
        (xy 152.210518 81.728312) (xy 152.335 81.740572) (xy 152.74925 81.7375) (xy 152.908 81.57875) (xy 152.908 80.742)
        (xy 153.162 80.742) (xy 153.162 81.57875) (xy 153.32075 81.7375) (xy 153.735 81.740572) (xy 153.859482 81.728312)
        (xy 153.97918 81.692002) (xy 154.089494 81.633037) (xy 154.186185 81.553685) (xy 154.265537 81.456994) (xy 154.324502 81.34668)
        (xy 154.360812 81.226982) (xy 154.373072 81.1025) (xy 161.221928 81.1025) (xy 161.234188 81.226982) (xy 161.270498 81.34668)
        (xy 161.329463 81.456994) (xy 161.408815 81.553685) (xy 161.505506 81.633037) (xy 161.61582 81.692002) (xy 161.735518 81.728312)
        (xy 161.86 81.740572) (xy 162.27425 81.7375) (xy 162.433 81.57875) (xy 162.433 80.742) (xy 162.687 80.742)
        (xy 162.687 81.57875) (xy 162.84575 81.7375) (xy 163.26 81.740572) (xy 163.384482 81.728312) (xy 163.50418 81.692002)
        (xy 163.614494 81.633037) (xy 163.711185 81.553685) (xy 163.790537 81.456994) (xy 163.849502 81.34668) (xy 163.885812 81.226982)
        (xy 163.898072 81.1025) (xy 165.031928 81.1025) (xy 165.044188 81.226982) (xy 165.080498 81.34668) (xy 165.139463 81.456994)
        (xy 165.218815 81.553685) (xy 165.315506 81.633037) (xy 165.42582 81.692002) (xy 165.545518 81.728312) (xy 165.67 81.740572)
        (xy 166.08425 81.7375) (xy 166.243 81.57875) (xy 166.243 80.742) (xy 166.497 80.742) (xy 166.497 81.57875)
        (xy 166.65575 81.7375) (xy 167.07 81.740572) (xy 167.194482 81.728312) (xy 167.31418 81.692002) (xy 167.424494 81.633037)
        (xy 167.521185 81.553685) (xy 167.600537 81.456994) (xy 167.659502 81.34668) (xy 167.695812 81.226982) (xy 167.708072 81.1025)
        (xy 168.841928 81.1025) (xy 168.854188 81.226982) (xy 168.890498 81.34668) (xy 168.949463 81.456994) (xy 169.028815 81.553685)
        (xy 169.125506 81.633037) (xy 169.23582 81.692002) (xy 169.355518 81.728312) (xy 169.48 81.740572) (xy 169.89425 81.7375)
        (xy 170.053 81.57875) (xy 170.053 80.742) (xy 170.307 80.742) (xy 170.307 81.57875) (xy 170.46575 81.7375)
        (xy 170.88 81.740572) (xy 171.004482 81.728312) (xy 171.12418 81.692002) (xy 171.234494 81.633037) (xy 171.331185 81.553685)
        (xy 171.410537 81.456994) (xy 171.469502 81.34668) (xy 171.505812 81.226982) (xy 171.518072 81.1025) (xy 171.515 80.90075)
        (xy 171.35625 80.742) (xy 170.307 80.742) (xy 170.053 80.742) (xy 169.00375 80.742) (xy 168.845 80.90075)
        (xy 168.841928 81.1025) (xy 167.708072 81.1025) (xy 167.705 80.90075) (xy 167.54625 80.742) (xy 166.497 80.742)
        (xy 166.243 80.742) (xy 165.19375 80.742) (xy 165.035 80.90075) (xy 165.031928 81.1025) (xy 163.898072 81.1025)
        (xy 163.895 80.90075) (xy 163.73625 80.742) (xy 162.687 80.742) (xy 162.433 80.742) (xy 161.38375 80.742)
        (xy 161.225 80.90075) (xy 161.221928 81.1025) (xy 154.373072 81.1025) (xy 154.37 80.90075) (xy 154.21125 80.742)
        (xy 153.162 80.742) (xy 152.908 80.742) (xy 151.85875 80.742) (xy 151.7 80.90075) (xy 151.696928 81.1025)
        (xy 150.562616 81.1025) (xy 150.56 80.93075) (xy 150.40125 80.772) (xy 149.352 80.772) (xy 149.098 80.772)
        (xy 148.04875 80.772) (xy 147.89 80.93075) (xy 147.886928 81.1325) (xy 145.51089 81.1325) (xy 145.513072 79.915)
        (xy 145.500812 79.790518) (xy 145.464502 79.67082) (xy 145.405537 79.560506) (xy 145.326185 79.463815) (xy 145.229494 79.384463)
        (xy 145.11918 79.325498) (xy 144.999482 79.289188) (xy 144.875 79.276928) (xy 143.16075 79.28) (xy 143.002 79.43875)
        (xy 142.748 79.43875) (xy 142.58925 79.28) (xy 140.875 79.276928) (xy 140.750518 79.289188) (xy 140.63082 79.325498)
        (xy 140.520506 79.384463) (xy 140.423815 79.463815) (xy 140.344463 79.560506) (xy 140.285498 79.67082) (xy 140.249188 79.790518)
        (xy 140.236928 79.915) (xy 138.557 79.915) (xy 138.557 73.295) (xy 140.236928 73.295) (xy 140.236928 75.295)
        (xy 140.268403 75.614572) (xy 140.361619 75.921863) (xy 140.512993 76.205064) (xy 140.716708 76.453292) (xy 140.964936 76.657007)
        (xy 141.248137 76.808381) (xy 141.555428 76.901597) (xy 141.875 76.933072) (xy 143.875 76.933072) (xy 144.194572 76.901597)
        (xy 144.501863 76.808381) (xy 144.785064 76.657007) (xy 145.033292 76.453292) (xy 145.237007 76.205064) (xy 145.388381 75.921863)
        (xy 145.481597 75.614572) (xy 145.513072 75.295) (xy 145.513072 75.055) (xy 145.735199 75.055) (xy 146.1212 75.441002)
        (xy 146.144999 75.470001) (xy 146.173997 75.493799) (xy 146.260724 75.564974) (xy 146.392753 75.635546) (xy 146.536014 75.679003)
        (xy 146.685 75.693677) (xy 146.722333 75.69) (xy 146.916327 75.69) (xy 146.926553 75.723709) (xy 147.008042 75.876164)
        (xy 147.117708 76.009792) (xy 147.251336 76.119458) (xy 147.403791 76.200947) (xy 147.569215 76.251128) (xy 147.74125 76.268072)
        (xy 148.22875 76.268072) (xy 148.400785 76.251128) (xy 148.566209 76.200947) (xy 148.718664 76.119458) (xy 148.852292 76.009792)
        (xy 148.9225 75.924244) (xy 148.992708 76.009792) (xy 149.126336 76.119458) (xy 149.278791 76.200947) (xy 149.444215 76.251128)
        (xy 149.61625 76.268072) (xy 150.10375 76.268072) (xy 150.275785 76.251128) (xy 150.441209 76.200947) (xy 150.593664 76.119458)
        (xy 150.727292 76.009792) (xy 150.836958 75.876164) (xy 150.918447 75.723709) (xy 150.928673 75.69) (xy 151.996327 75.69)
        (xy 152.006553 75.723709) (xy 152.088042 75.876164) (xy 152.197708 76.009792) (xy 152.305 76.097845) (xy 152.305001 77.662227)
        (xy 152.241291 77.681553) (xy 152.088836 77.763042) (xy 151.955208 77.872708) (xy 151.867155 77.98) (xy 150.368224 77.98)
        (xy 150.304792 77.902708) (xy 150.171164 77.793042) (xy 150.018709 77.711553) (xy 149.853285 77.661372) (xy 149.68125 77.644428)
        (xy 148.76875 77.644428) (xy 148.596715 77.661372) (xy 148.431291 77.711553) (xy 148.278836 77.793042) (xy 148.145208 77.902708)
        (xy 148.035542 78.036336) (xy 147.954053 78.188791) (xy 147.903872 78.354215) (xy 147.886928 78.52625) (xy 147.886928 79.01375)
        (xy 147.903872 79.185785) (xy 147.954053 79.351209) (xy 148.035542 79.503664) (xy 148.145208 79.637292) (xy 148.151564 79.642508)
        (xy 148.073815 79.706315) (xy 147.994463 79.803006) (xy 147.935498 79.91332) (xy 147.899188 80.033018) (xy 147.886928 80.1575)
